600000
600004
600006
600007
600008
600009
600010
600011
600012
600015
600016
600017
600018
600019
600020
600021
600022
600023
600025
600026
600027
600028
600029
600030
600031
600033
600035
600036
600037
600038
600039
600048
600050
600051
600052
600053
600054
600055
600056
600057
600058
600059
600060
600061
600062
600063
600064
600066
600067
600068
600070
600071
600072
600073
600075
600076
600077
600078
600079
600080
600081
600082
600083
600084
600085
600086
600088
600089
600090
600091
600093
600094
600095
600096
600097
600098
600099
600100
600101
600103
600104
600105
600106
600107
600108
600109
600110
600111
600112
600113
600114
600115
600116
600117
600118
600119
600120
600121
600122
600123
600125
600126
600127
600128
600129
600130
600131
600132
600133
600135
600136
600137
600138
600139
600141
600143
600145
600146
600148
600149
600150
600151
600152
600153
600155
600156
600157
600158
600159
600160
600161
600162
600163
600165
600166
600167
600168
600169
600170
600171
600172
600173
600176
600177
600178
600179
600180
600182
600183
600184
600185
600186
600187
600188
600189
600190
600191
600192
600193
600195
600196
600197
600198
600199
600200
600201
600202
600203
600206
600207
600208
600209
600210
600211
600212
600213
600215
600216
600217
600218
600219
600220
600221
600222
600223
600225
600226
600227
600228
600229
600230
600231
600232
600233
600234
600235
600236
600237
600238
600239
600241
600242
600243
600246
600247
600248
600249
600250
600251
600252
600255
600256
600257
600258
600259
600260
600261
600262
600265
600266
600267
600268
600269
600271
600272
600273
600275
600276
600277
600278
600279
600280
600281
600282
600283
600284
600285
600287
600288
600289
600290
600291
600292
600293
600295
600297
600298
600299
600300
600301
600302
600303
600305
600306
600307
600308
600309
600310
600311
600312
600313
600315
600316
600317
600318
600319
600320
600321
600322
600323
600325
600326
600327
600328
600329
600330
600331
600332
600333
600335
600336
600337
600338
600339
600340
600343
600345
600346
600348
600350
600351
600352
600353
600354
600355
600356
600358
600359
600360
600361
600362
600363
600365
600366
600367
600368
600369
600370
600371
600372
600373
600375
600376
600377
600378
600379
600380
600381
600382
600383
600385
600386
600387
600388
600389
600390
600391
600392
600393
600395
600396
600397
600398
600399
600400
600403
600405
600406
600408
600409
600410
600415
600416
600418
600419
600420
600421
600422
600423
600425
600426
600428
600429
600433
600435
600436
600438
600439
600444
600446
600448
600449
600452
600455
600456
600458
600459
600460
600461
600462
600463
600466
600467
600468
600469
600470
600475
600476
600477
600478
600479
600480
600481
600482
600483
600486
600487
600488
600489
600490
600491
600493
600495
600496
600497
600498
600499
600500
600501
600502
600503
600505
600506
600507
600508
600509
600510
600511
600512
600513
600515
600516
600517
600518
600519
600520
600521
600522
600523
600525
600526
600527
600528
600529
600530
600531
600532
600533
600535
600536
600537
600538
600539
600540
600543
600545
600546
600547
600548
600549
600550
600551
600552
600555
600556
600557
600558
600559
600560
600561
600562
600563
600565
600566
600567
600568
600569
600570
600571
600572
600573
600575
600576
600577
600578
600579
600580
600581
600582
600583
600584
600585
600586
600587
600588
600589
600590
600592
600593
600594
600595
600596
600597
600598
600599
600600
600601
600602
600603
600604
600605
600606
600608
600609
600610
600611
600612
600613
600615
600616
600617
600618
600619
600620
600621
600622
600623
600624
600626
600628
600629
600630
600633
600634
600635
600636
600637
600638
600639
600640
600641
600642
600643
600644
600645
600647
600648
600649
600650
600651
600652
600653
600654
600655
600657
600658
600660
600661
600662
600663
600664
600665
600666
600667
600668
600671
600673
600674
600675
600676
600678
600679
600681
600682
600683
600684
600685
600686
600687
600688
600689
600690
600691
600692
600693
600694
600695
600696
600697
600698
600699
600701
600702
600703
600704
600705
600706
600707
600708
600710
600711
600712
600713
600714
600715
600716
600717
600718
600719
600720
600721
600722
600723
600724
600725
600726
600727
600728
600729
600730
600731
600732
600733
600734
600735
600736
600737
600738
600739
600740
600741
600742
600743
600744
600745
600746
600748
600749
600750
600751
600753
600754
600755
600756
600757
600758
600759
600760
600761
600763
600764
600765
600766
600767
600768
600769
600770
600771
600773
600774
600775
600776
600777
600778
600779
600780
600781
600782
600783
600784
600785
600787
600789
600790
600791
600792
600793
600794
600795
600796
600797
600798
600800
600801
600802
600803
600804
600805
600807
600808
600809
600810
600811
600812
600814
600815
600816
600817
600818
600819
600820
600821
600822
600823
600824
600825
600826
600827
600828
600829
600830
600831
600833
600834
600835
600836
600837
600838
600839
600841
600843
600844
600845
600846
600847
600848
600850
600851
600853
600854
600855
600856
600857
600858
600859
600860
600861
600862
600863
600864
600865
600866
600867
600868
600869
600870
600871
600872
600873
600874
600875
600876
600877
600879
600880
600881
600882
600883
600884
600885
600886
600887
600888
600889
600890
600892
600893
600894
600895
600896
600897
600898
600900
600901
600903
600908
600909
600917
600919
600926
600928
600929
600933
600936
600939
600958
600959
600960
600961
600962
600963
600965
600966
600967
600969
600970
600971
600973
600975
600976
600977
600978
600979
600980
600981
600982
600983
600984
600985
600986
600987
600988
600990
600992
600993
600995
600996
600997
600998
600999
601000
601001
601002
601003
601005
601006
601007
601008
601009
601010
601011
601012
601015
601016
601018
601019
601020
601021
601028
601038
601058
601066
601068
601069
601086
601088
601098
601099
601100
601101
601106
601107
601108
601111
601113
601116
601117
601118
601126
601127
601128
601137
601138
601139
601155
601158
601162
601163
601166
601168
601169
601177
601179
601186
601188
601198
601199
601200
601208
601211
601212
601216
601218
601222
601225
601226
601228
601229
601231
601233
601238
601258
601288
601298
601311
601318
601319
601326
601328
601330
601333
601336
601339
601360
601366
601368
601369
601375
601377
601388
601390
601398
601500
601515
601518
601519
601555
601566
601577
601579
601588
601595
601598
601599
601600
601601
601606
601607
601608
601611
601615
601616
601618
601619
601628
601633
601636
601666
601668
601669
601677
601678
601689
601699
601700
601702
601717
601718
601727
601766
601777
601788
601789
601798
601799
601800
601801
601808
601811
601818
601828
601857
601858
601860
601865
601866
601869
601872
601877
601878
601880
601881
601882
601886
601888
601890
601898
601899
601900
601901
601908
601918
601919
601928
601929
601933
601939
601949
601952
601958
601965
601966
601968
601969
601975
601985
601988
601989
601990
601991
601992
601996
601997
601998
601999
603000
603001
603002
603003
603005
603006
603007
603008
603009
603010
603011
603012
603013
603015
603016
603017
603018
603019
603020
603021
603022
603023
603025
603026
603027
603028
603029
603030
603031
603032
603033
603035
603036
603037
603038
603039
603040
603041
603042
603043
603045
603050
603055
603056
603058
603059
603060
603063
603066
603067
603069
603076
603077
603078
603079
603080
603081
603083
603085
603086
603088
603089
603090
603096
603098
603099
603100
603101
603103
603105
603106
603108
603110
603111
603113
603116
603117
603118
603121
603123
603126
603127
603128
603129
603131
603133
603136
603138
603139
603155
603156
603157
603158
603159
603160
603161
603165
603166
603167
603168
603169
603177
603178
603179
603180
603181
603183
603185
603186
603187
603188
603189
603192
603196
603197
603198
603199
603200
603203
603208
603214
603218
603220
603222
603223
603225
603226
603227
603228
603229
603232
603233
603238
603239
603258
603259
603260
603266
603268
603269
603277
603278
603283
603286
603288
603289
603297
603298
603299
603300
603301
603303
603305
603306
603308
603309
603311
603313
603315
603316
603318
603319
603320
603321
603322
603323
603326
603328
603329
603330
603331
603332
603333
603335
603336
603337
603338
603339
603345
603348
603351
603355
603356
603357
603358
603359
603360
603363
603365
603366
603367
603368
603369
603377
603378
603379
603380
603383
603386
603387
603388
603389
603393
603396
603398
603399
603416
603421
603429
603444
603456
603458
603466
603477
603486
603488
603496
603499
603500
603501
603505
603506
603507
603508
603515
603516
603517
603518
603519
603520
603527
603528
603533
603535
603536
603538
603555
603556
603557
603558
603559
603566
603567
603568
603569
603577
603578
603579
603580
603583
603585
603586
603587
603588
603589
603590
603595
603596
603598
603599
603600
603601
603602
603603
603605
603606
603607
603608
603609
603611
603612
603615
603616
603617
603618
603619
603626
603628
603629
603630
603633
603636
603637
603638
603639
603648
603650
603655
603656
603657
603658
603659
603660
603661
603663
603665
603666
603667
603668
603669
603676
603677
603678
603679
603680
603681
603683
603685
603686
603688
603689
603690
603693
603696
603698
603699
603700
603701
603703
603706
603707
603708
603709
603711
603712
603713
603716
603717
603718
603721
603722
603725
603726
603727
603728
603729
603730
603733
603737
603738
603739
603757
603758
603766
603767
603768
603773
603776
603777
603778
603779
603787
603788
603789
603790
603797
603798
603799
603800
603801
603803
603806
603808
603809
603810
603811
603813
603816
603817
603818
603819
603822
603823
603825
603826
603828
603829
603833
603838
603839
603843
603848
603855
603856
603858
603859
603860
603861
603866
603868
603869
603871
603876
603877
603878
603879
603880
603881
603882
603883
603885
603886
603887
603888
603889
603890
603895
603896
603897
603898
603899
603900
603901
603903
603906
603908
603909
603912
603916
603917
603918
603919
603920
603922
603926
603928
603929
603933
603936
603937
603938
603939
603955
603956
603958
603959
603960
603963
603966
603968
603969
603970
603976
603977
603978
603979
603980
603985
603986
603987
603988
603989
603990
603991
603993
603996
603997
603998
603999
605003
605006
605009
605358
900942
900940
900952
900945
900943
900936
900947
900955
900901
900902
900906
900903
900905
900904
900913
900908
900910
900909
900911
900912
900914
900932
900916
900922
900919
900946
900937
900938
900934
900941
900933
900915
900918
900927
900923
900925
900920
900924
900921
900926
900928
900917
688001
688002
688003
688004
688005
688006
688007
688008
688009
688010
688011
688012
688015
688016
688018
688019
688020
688021
688022
688023
688025
688026
688027
688028
688029
688030
688033
688036
688037
688039
688050
688051
688055
688056
688058
688060
688065
688066
688068
688069
688077
688078
688080
688081
688085
688086
688088
688089
688090
688095
688096
688098
688099
688100
688101
688106
688108
688111
688116
688118
688122
688123
688126
688128
688138
688139
688155
688157
688158
688159
688165
688166
688168
688169
688177
688178
688180
688181
688185
688186
688188
688189
688196
688198
688199
688200
688202
688208
688218
688222
688228
688229
688233
688256
688258
688266
688268
688277
688278
688286
688288
688298
688299
688300
688309
688310
688311
688312
688313
688318
688321
688333
688335
688336
688338
688339
688357
688358
688360
688363
688365
688366
688368
688369
688377
688378
688379
688388
688389
688390
688393
688396
688398
688399
688418
688466
688488
688500
688505
688508
688516
688518
688519
688520
688521
688528
688551
688555
688556
688558
688559
688561
688566
688567
688568
688579
688580
688586
688588
688589
688596
688598
688599
688600
688981
000001
000002
000004
000005
000006
000007
000008
000009
000010
000011
000012
000014
000016
000017
000019
000020
000021
000023
000025
000026
000027
000028
000029
000030
000031
000032
000034
000035
000036
000037
000038
000039
000040
000042
000045
000046
000048
000049
000050
000055
000056
000058
000059
000060
000061
000062
000063
000065
000066
000068
000069
000070
000078
000088
000089
000090
000096
000099
000100
000150
000151
000153
000155
000156
000157
000158
000159
000166
000301
000333
000338
000400
000401
000402
000403
000404
000407
000408
000409
000410
000411
000413
000415
000416
000417
000419
000420
000421
000422
000423
000425
000426
000428
000429
000430
000488
000498
000501
000502
000503
000504
000505
000506
000507
000509
000510
000513
000514
000516
000517
000518
000519
000520
000521
000523
000524
000525
000526
000528
000529
000530
000531
000532
000533
000534
000536
000537
000538
000539
000540
000541
000543
000544
000545
000546
000547
000548
000550
000551
000552
000553
000554
000555
000557
000558
000559
000560
000561
000563
000564
000565
000566
000567
000568
000570
000571
000572
000573
000576
000581
000582
000584
000585
000586
000587
000589
000590
000591
000592
000593
000595
000596
000597
000598
000599
000600
000601
000603
000605
000606
000607
000608
000609
000610
000611
000612
000613
000615
000616
000617
000619
000620
000622
000623
000625
000626
000627
000628
000629
000630
000631
000632
000633
000635
000636
000637
000638
000639
000650
000651
000652
000655
000656
000657
000659
000661
000662
000663
000665
000666
000667
000668
000669
000670
000671
000672
000673
000676
000677
000678
000679
000680
000681
000682
000683
000685
000686
000687
000688
000690
000691
000692
000695
000697
000698
000700
000701
000702
000703
000705
000707
000708
000709
000710
000711
000712
000713
000715
000716
000717
000718
000719
000720
000721
000722
000723
000725
000726
000727
000728
000729
000731
000732
000733
000735
000736
000737
000738
000739
000750
000751
000752
000753
000755
000756
000757
000758
000759
000760
000761
000762
000766
000767
000768
000776
000777
000778
000779
000780
000782
000783
000785
000786
000788
000789
000790
000791
000792
000793
000795
000796
000797
000798
000799
000800
000801
000802
000803
000806
000807
000809
000810
000811
000812
000813
000815
000816
000818
000819
000820
000821
000822
000823
000825
000826
000828
000829
000830
000831
000833
000835
000836
000837
000838
000839
000848
000850
000851
000852
000856
000858
000859
000860
000861
000862
000863
000868
000869
000875
000876
000877
000878
000880
000881
000882
000883
000885
000886
000887
000888
000889
000890
000892
000893
000895
000897
000898
000899
000900
000901
000902
000903
000905
000906
000908
000909
000910
000911
000912
000913
000915
000917
000918
000919
000920
000921
000922
000923
000925
000926
000927
000928
000929
000930
000931
000932
000933
000935
000936
000937
000938
000939
000948
000949
000950
000951
000952
000953
000955
000957
000958
000959
000960
000961
000962
000963
000965
000966
000967
000968
000969
000970
000971
000972
000973
000975
000976
000977
000978
000980
000981
000982
000983
000985
000987
000988
000989
000990
000993
000995
000996
000997
000998
000999
001696
001872
001896
001965
001979
002001
002002
002003
002004
002005
002006
002007
002008
002009
002010
002011
002012
002013
002014
002015
002016
002017
002019
002020
002021
002022
002023
002024
002025
002026
002027
002028
002029
002030
002031
002032
002033
002034
002035
002036
002037
002038
002039
002040
002041
002042
002043
002044
002045
002046
002047
002048
002049
002050
002051
002052
002053
002054
002055
002056
002057
002058
002059
002060
002061
002062
002063
002064
002065
002066
002067
002068
002069
002071
002072
002073
002074
002075
002076
002077
002078
002079
002080
002081
002082
002083
002084
002085
002086
002087
002088
002089
002090
002091
002092
002093
002094
002095
002096
002097
002098
002099
002100
002101
002102
002103
002104
002105
002106
002107
002108
002109
002110
002111
002112
002113
002114
002115
002116
002117
002118
002119
002120
002121
002122
002123
002124
002125
002126
002127
002128
002129
002130
002131
002132
002133
002134
002135
002136
002137
002138
002139
002140
002141
002142
002144
002145
002146
002147
002148
002149
002150
002151
002152
002153
002154
002155
002156
002157
002158
002159
002160
002161
002162
002163
002164
002165
002166
002167
002168
002169
002170
002171
002172
002173
002174
002175
002176
002177
002178
002179
002180
002181
002182
002183
002184
002185
002186
002187
002188
002189
002190
002191
002192
002193
002194
002195
002196
002197
002198
002199
002200
002201
002202
002203
002204
002205
002206
002207
002208
002209
002210
002211
002212
002213
002214
002215
002216
002217
002218
002219
002221
002222
002223
002224
002225
002226
002227
002228
002229
002230
002231
002232
002233
002234
002235
002236
002237
002238
002239
002240
002241
002242
002243
002244
002245
002246
002247
002248
002249
002250
002251
002252
002253
002254
002255
002256
002258
002259
002260
002261
002262
002263
002264
002265
002266
002267
002268
002269
002270
002271
002272
002273
002274
002275
002276
002277
002278
002279
002280
002281
002282
002283
002284
002285
002286
002287
002288
002289
002290
002291
002292
002293
002294
002295
002296
002297
002298
002299
002300
002301
002302
002303
002304
002305
002306
002307
002308
002309
002310
002311
002312
002313
002314
002315
002316
002317
002318
002319
002320
002321
002322
002323
002324
002325
002326
002327
002328
002329
002330
002331
002332
002333
002334
002335
002336
002337
002338
002339
002340
002341
002342
002343
002344
002345
002346
002347
002348
002349
002350
002351
002352
002353
002354
002355
002356
002357
002358
002359
002360
002361
002362
002363
002364
002365
002366
002367
002368
002369
002370
002371
002372
002373
002374
002375
002376
002377
002378
002379
002380
002381
002382
002383
002384
002385
002386
002387
002388
002389
002390
002391
002392
002393
002394
002395
002396
002397
002398
002399
002400
002401
002402
002403
002404
002405
002406
002407
002408
002409
002410
002411
002412
002413
002414
002415
002416
002417
002418
002419
002420
002421
002422
002423
002424
002425
002426
002427
002428
002429
002430
002431
002432
002433
002434
002435
002436
002437
002438
002439
002440
002441
002442
002443
002444
002445
002446
002447
002448
002449
002450
002451
002452
002453
002454
002455
002456
002457
002458
002459
002460
002461
002462
002463
002464
002465
002466
002467
002468
002469
002470
002471
002472
002473
002474
002475
002476
002478
002479
002480
002481
002482
002483
002484
002485
002486
002487
002488
002489
002490
002491
002492
002493
002494
002495
002496
002497
002498
002499
002500
002501
002502
002503
002504
002505
002506
002507
002508
002510
002511
002512
002513
002514
002515
002516
002517
002518
002519
002520
002521
002522
002523
002524
002526
002527
002528
002529
002530
002531
002532
002533
002534
002535
002536
002537
002538
002539
002540
002541
002542
002543
002544
002545
002546
002547
002548
002549
002550
002551
002552
002553
002554
002555
002556
002557
002558
002559
002560
002561
002562
002563
002564
002565
002566
002567
002568
002569
002570
002571
002572
002573
002574
002575
002576
002577
002578
002579
002580
002581
002582
002583
002584
002585
002586
002587
002588
002589
002590
002591
002592
002593
002594
002595
002596
002597
002598
002599
002600
002601
002602
002603
002605
002606
002607
002608
002609
002610
002611
002612
002613
002614
002615
002616
002617
002618
002619
002620
002621
002622
002623
002624
002625
002626
002627
002628
002629
002630
002631
002632
002633
002634
002635
002636
002637
002638
002639
002640
002641
002642
002643
002644
002645
002646
002647
002648
002649
002650
002651
002652
002653
002654
002655
002656
002657
002658
002659
002660
002661
002662
002663
002664
002665
002666
002667
002668
002669
002670
002671
002672
002673
002674
002675
002676
002677
002678
002679
002681
002682
002683
002684
002685
002686
002687
002688
002689
002690
002691
002692
002693
002694
002695
002696
002697
002698
002699
002700
002701
002702
002703
002705
002706
002707
002708
002709
002711
002712
002713
002714
002715
002716
002717
002718
002719
002721
002722
002723
002724
002725
002726
002727
002728
002729
002730
002731
002732
002733
002734
002735
002736
002737
002738
002739
002740
002741
002742
002743
002745
002746
002747
002748
002749
002750
002751
002752
002753
002755
002756
002757
002758
002759
002760
002761
002762
002763
002765
002766
002767
002768
002769
002770
002771
002772
002773
002774
002775
002776
002777
002778
002779
002780
002781
002782
002783
002785
002786
002787
002788
002789
002790
002791
002792
002793
002795
002796
002797
002798
002799
002800
002801
002802
002803
002805
002806
002807
002808
002809
002810
002811
002812
002813
002815
002816
002817
002818
002819
002820
002821
002822
002823
002824
002825
002826
002827
002828
002829
002830
002831
002832
002833
002835
002836
002837
002838
002839
002840
002841
002842
002843
002845
002846
002847
002848
002849
002850
002851
002852
002853
002855
002856
002857
002858
002859
002860
002861
002862
002863
002864
002865
002866
002867
002868
002869
002870
002871
002872
002873
002875
002876
002877
002878
002879
002880
002881
002882
002883
002884
002885
002886
002887
002888
002889
002890
002891
002892
002893
002895
002896
002897
002898
002899
002900
002901
002902
002903
002905
002906
002907
002908
002909
002910
002911
002912
002913
002915
002916
002917
002918
002919
002920
002921
002922
002923
002925
002926
002927
002928
002929
002930
002931
002932
002933
002935
002936
002937
002938
002939
002940
002941
002942
002943
002945
002946
002947
002948
002949
002950
002951
002952
002958
002984
002996
002997
002999
300001
300002
300003
300004
300005
300006
300007
300008
300009
300010
300011
300012
300013
300014
300015
300016
300017
300018
300019
300020
300021
300022
300023
300024
300025
300026
300027
300029
300030
300031
300032
300033
300034
300035
300036
300037
300038
300039
300040
300041
300042
300043
300044
300045
300046
300047
300048
300049
300050
300051
300052
300053
300054
300055
300056
300057
300058
300059
300061
300062
300063
300064
300065
300066
300067
300068
300069
300070
300071
300072
300073
300074
300075
300076
300077
300078
300079
300080
300081
300082
300083
300084
300085
300086
300087
300088
300089
300091
300092
300093
300094
300095
300096
300097
300098
300099
300100
300101
300102
300103
300105
300106
300107
300108
300109
300110
300111
300112
300113
300114
300115
300116
300117
300118
300119
300120
300121
300122
300123
300124
300125
300126
300127
300128
300129
300130
300131
300132
300133
300134
300135
300136
300137
300138
300139
300140
300141
300142
300143
300144
300145
300146
300147
300148
300149
300150
300151
300152
300153
300154
300155
300157
300158
300159
300160
300161
300162
300163
300164
300165
300166
300167
300168
300169
300170
300171
300172
300173
300174
300175
300176
300177
300178
300179
300180
300181
300182
300183
300184
300185
300187
300188
300189
300190
300191
300192
300193
300194
300195
300196
300197
300198
300199
300200
300201
300202
300203
300204
300205
300206
300207
300208
300209
300210
300211
300212
300213
300214
300215
300216
300217
300218
300219
300220
300221
300222
300223
300224
300225
300226
300227
300228
300229
300230
300231
300232
300233
300234
300235
300236
300237
300238
300239
300240
300241
300242
300243
300244
300245
300246
300247
300248
300249
300250
300251
300252
300253
300254
300255
300256
300257
300258
300259
300260
300261
300262
300263
300264
300265
300266
300267
300268
300269
300270
300271
300272
300273
300274
300275
300276
300277
300278
300279
300280
300281
300282
300283
300284
300285
300286
300287
300288
300289
300290
300291
300292
300293
300294
300295
300296
300297
300298
300299
300300
300301
300302
300303
300304
300305
300306
300307
300308
300309
300310
300311
300312
300313
300314
300315
300316
300317
300318
300319
300320
300321
300322
300323
300324
300325
300326
300327
300328
300329
300330
300331
300332
300333
300334
300335
300336
300337
300338
300339
300340
300341
300342
300343
300344
300345
300346
300347
300348
300349
300350
300351
300352
300353
300354
300355
300356
300357
300358
300359
300360
300362
300363
300364
300365
300366
300367
300368
300369
300370
300371
300373
300374
300375
300376
300377
300378
300379
300380
300381
300382
300383
300384
300385
300386
300387
300388
300389
300390
300391
300392
300393
300394
300395
300396
300397
300398
300399
300400
300401
300402
300403
300404
300405
300406
300407
300408
300409
300410
300411
300412
300413
300414
300415
300416
300417
300418
300419
300420
300421
300422
300423
300424
300425
300426
300427
300428
300429
300430
300431
300432
300433
300434
300435
300436
300437
300438
300439
300440
300441
300442
300443
300444
300445
300446
300447
300448
300449
300450
300451
300452
300453
300454
300455
300456
300457
300458
300459
300460
300461
300462
300463
300464
300465
300466
300467
300468
300469
300470
300471
300472
300473
300474
300475
300476
300477
300478
300479
300480
300481
300482
300483
300484
300485
300486
300487
300488
300489
300490
300491
300492
300493
300494
300495
300496
300497
300498
300499
300500
300501
300502
300503
300504
300505
300506
300507
300508
300509
300510
300511
300512
300513
300514
300515
300516
300517
300518
300519
300520
300521
300522
300523
300525
300526
300527
300528
300529
300530
300531
300532
300533
300534
300535
300536
300537
300538
300539
300540
300541
300542
300543
300545
300546
300547
300548
300549
300550
300551
300552
300553
300554
300555
300556
300557
300558
300559
300560
300561
300562
300563
300565
300566
300567
300568
300569
300570
300571
300572
300575
300576
300577
300578
300579
300580
300581
300582
300583
300584
300585
300586
300587
300588
300589
300590
300591
300592
300593
300595
300596
300597
300598
300599
300600
300601
300602
300603
300604
300605
300606
300607
300608
300609
300610
300611
300612
300613
300615
300616
300617
300618
300619
300620
300621
300622
300623
300624
300625
300626
300627
300628
300629
300630
300631
300632
300633
300634
300635
300636
300637
300638
300639
300640
300641
300642
300643
300644
300645
300647
300648
300649
300650
300651
300652
300653
300654
300655
300656
300657
300658
300659
300660
300661
300662
300663
300664
300665
300666
300667
300668
300669
300670
300671
300672
300673
300674
300675
300676
300677
300678
300679
300680
300681
300682
300683
300684
300685
300686
300687
300688
300689
300690
300691
300692
300693
300694
300695
300696
300697
300698
300699
300700
300701
300702
300703
300705
300706
300707
300708
300709
300710
300711
300712
300713
300715
300716
300717
300718
300719
300720
300721
300722
300723
300724
300725
300726
300727
300729
300730
300731
300732
300733
300735
300736
300737
300738
300739
300740
300741
300742
300743
300745
300746
300747
300748
300749
300750
300751
300752
300753
300755
300756
300757
300758
300759
300760
300761
300762
300763
300765
300766
300767
300860
300861
300862
300863
300864
300865
300866
300867
300868
300869
300870
300871
300872
300873
300875
300876
300877
300878
300879
300880
300881
300882
300883
300885
000011
000012
000016
000017
000019
000020
000025
000026
000028
000029
000030
000037
000045
000055
000056
000058
000413
000429
000488
000505
000521
000530
000539
000541
000550
000553
000570
000581
000596
000613
000625
000725
000726
000761
000869
001872
873479
873509
873491
873500
873495
873486
873499
873487
873490
873211
873216
873250
873223
873242
873220
873149
873203
873245
873202
873231
873148
873222
873227
873240
873143
873157
873233
873238
873241
873198
873199
873235
873236
873210
873230
873177
873226
873156
873196
873206
873225
873126
873221
873155
873162
873166
873179
873200
873213
873228
873039
873189
873185
873191
873190
873208
873212
873186
873187
873205
873193
873217
873173
873182
873215
873137
873178
873161
873207
873152
873170
873160
873163
873192
873176
873180
873087
873138
873159
873153
873167
873172
873183
873169
873195
873037
873117
873150
873100
873168
873079
873165
873158
873141
873119
873129
873145
873151
873133
873135
873115
873142
873128
873146
873092
873131
873140
873132
873139
873147
873130
873136
873099
873102
873106
873122
873125
873127
873116
873070
873093
873118
873120
873109
873123
873111
873080
873105
873060
873103
873041
873088
873097
873057
873107
873108
873036
873073
873086
873095
873096
873098
873110
873067
873101
873062
873065
873063
873027
873069
873076
873085
873082
873083
873089
873081
873033
873059
873056
873077
873058
873061
873071
873050
873055
873008
873052
873051
873048
873045
873038
873046
873053
873018
873021
873035
873012
873032
873016
873047
872979
873030
873031
873049
872999
873040
873029
873043
872887
873020
873026
872871
872877
873019
872969
873025
873017
872997
873010
873015
873023
872982
872986
873013
872919
872937
873011
872926
872925
872910
872962
873006
873003
872929
872975
872983
872789
872865
872988
873009
872839
872981
873007
872956
872958
873002
873005
872998
873000
872878
872809
872973
872996
872915
872943
872738
872957
872966
872991
872903
872965
872992
872960
872950
872977
872941
872963
872930
872935
872959
872987
872923
872967
872978
872916
872921
872990
872947
872952
872961
872985
872989
872893
872980
872835
872911
872970
872971
872976
872898
872895
872909
872968
872890
872918
872951
872938
872920
872945
872922
872927
872931
872948
872953
872955
872946
872949
872869
872876
872899
872913
872917
872928
872933
872940
872883
872896
872827
872853
872857
872885
872860
872880
872891
872855
872856
872879
872886
872900
872905
872912
872872
872936
872846
872851
872892
872780
872875
872906
872907
872908
872850
872858
872873
872882
872849
872868
872901
872818
872840
872870
872852
872861
872881
872888
872902
872843
872848
872866
872862
872863
872845
872826
872821
872833
872830
872841
872812
872842
872816
872820
872801
872819
872813
872808
872828
872829
872832
872589
872822
872836
872831
872644
872807
872711
872823
872542
872756
872802
872796
872810
872825
872791
872817
872760
872811
872781
872736
872765
872795
872799
872777
872782
872803
872579
872770
872708
872778
872792
872783
872793
872806
872773
872798
872800
872759
872787
872642
872771
872788
872748
872766
872776
872779
872768
872710
872729
872767
872758
872775
872663
872755
872705
872753
872757
872702
872762
872694
872752
872716
872733
872666
872744
872750
872687
872581
872709
872743
872727
872742
872751
872669
872728
872713
872747
872712
872625
872665
872723
872731
872739
872745
872651
872720
872387
872633
872685
872721
872740
872741
872707
872595
872660
872629
872643
872550
872689
872690
872726
872735
872672
872677
872680
872688
872717
872674
872698
872704
872714
872732
872671
872678
872693
872696
872715
872676
872682
872692
872355
872571
872646
872668
872691
872699
872551
872652
872658
872670
872684
872703
872706
872462
872610
872634
872695
872636
872648
872667
872679
872582
872605
872612
872624
872655
872656
872675
872681
872583
872640
872662
872570
872611
872614
872615
872622
872630
872641
872657
872673
872347
872554
872584
872586
872594
872597
872598
872618
872621
872628
872645
872545
872546
872552
872623
872626
872631
872541
872602
872555
872572
872573
872619
872635
872490
872558
872564
872578
872580
872593
872600
872616
872637
872638
871444
872574
872606
872423
872547
872617
872632
872482
872553
872562
872563
872577
872585
872620
872500
872534
872538
872539
872540
872560
872588
872599
872536
872556
872559
872565
872567
872609
872507
872518
872525
872543
872548
872568
872569
872575
872505
872528
872529
872530
872544
872549
872467
872497
872510
872522
872526
872527
872516
872517
872523
872428
872504
872509
872512
872519
872475
872508
872511
872521
872532
872416
872465
872503
872515
872520
872300
872426
872449
872459
872506
872173
872369
872413
872468
872502
872443
872477
872483
872446
872406
872485
872495
872425
872440
872445
872473
872476
872492
872240
872334
872412
872491
872496
872430
872435
872450
872481
872494
872386
872388
872408
872415
872418
872469
872488
872319
872405
872414
872420
872422
872424
872432
872434
872444
872456
872461
872493
872501
872438
872453
872466
872489
872498
872417
872419
872441
872451
872457
872464
872478
872480
872260
872397
872411
872458
872460
872471
872487
872409
872421
872486
872399
872407
872427
872366
872380
872439
872318
872359
872289
872350
872400
872342
872389
872394
872404
872299
872330
872403
872281
872398
872401
872391
872402
872393
872395
872396
872357
872356
872358
872392
872211
872257
872375
872247
872325
872362
872376
872377
872263
872338
872381
872276
872313
872344
872345
872348
872349
872274
872328
872360
872364
872373
872374
872322
872327
872340
872351
872363
872383
872256
872288
872290
872321
872352
872361
872368
872379
872275
872303
872315
872339
872341
871572
872261
872284
872291
872298
872301
872302
872308
872310
872320
872336
872346
872371
872267
872304
872326
872337
872279
872293
872305
872333
872265
872285
872294
872307
872323
872324
872287
872311
872282
872297
872255
872262
872111
872253
872286
870968
872248
872272
872251
872254
872271
872283
871927
872224
872259
872264
872270
872233
872258
872273
872235
872206
872216
872242
872246
872266
871996
872188
871685
872213
872220
872239
872249
872141
872217
871741
872238
872241
872245
871757
872230
872244
872250
871915
872209
872226
872086
872203
872215
872227
872232
872124
872149
872205
872210
872212
872194
872219
872193
872199
872223
872032
872158
872191
872200
872204
872174
872198
871928
871974
872180
872197
872201
872061
872112
872138
872190
872202
872139
872150
872170
872185
872189
872192
871736
872162
872166
872172
872178
871720
871823
871946
871909
872037
872165
872175
872183
871904
872068
872089
872167
872168
872171
871860
872018
872135
872164
872169
872184
871983
872093
872161
872182
872186
871706
871728
871766
871882
871908
871986
872091
872140
872157
871884
871902
871993
872046
872145
871787
871892
872136
871878
871888
872098
872160
871868
871885
872077
871781
871881
872043
872102
871782
871912
871999
872070
872088
871665
871764
871897
872014
872045
872055
872100
872155
870957
871756
871865
871930
871933
872009
872017
872039
872137
871949
871958
871964
872054
872081
872083
872109
872129
871866
871910
871941
871948
871953
871981
872013
872069
871803
871829
871870
871879
871943
871973
871995
872049
872057
872063
872097
872106
872117
872122
872125
872143
872156
871607
871705
871737
871761
871792
871812
871845
871850
871857
871862
871890
871900
871920
871936
871952
871957
871968
872005
872024
872033
872042
872082
872099
872118
872121
872123
872132
871646
871767
871827
871843
871847
871896
871923
871934
871939
871940
871956
871972
872023
872092
872128
872144
872152
871828
871883
871886
871931
871947
871992
871994
872007
872019
872022
872153
871758
871799
871800
871802
871805
871830
871918
872003
872040
872050
872058
872062
872066
872072
872079
872084
871753
871763
871816
871851
871875
871901
871937
871982
871987
871997
872012
872026
872034
872044
872067
872104
872126
872127
871694
871702
871732
871791
871813
871833
871842
871846
871880
871932
871951
872001
872002
872021
872038
872076
872090
872094
872101
872107
871456
871733
871740
871783
871797
871855
871859
871867
871894
871945
871955
871965
871970
871971
871988
871989
871990
871998
872006
872065
872103
872131
871578
871729
871747
871750
871819
871822
871835
871837
871839
871849
871856
871874
871916
871925
871950
871954
871975
871979
871980
871991
872078
872085
871727
871772
871794
871811
871962
871976
872154
871721
871768
871774
871806
871821
871907
871942
871731
871754
871775
871814
871824
871834
871840
871841
871848
871858
871682
871693
871769
871771
871786
871864
871935
871643
871710
871734
871739
871744
871748
871752
871760
871807
871703
871717
871743
871765
871798
871818
871711
871715
871738
871751
871707
871709
871692
871699
871701
871712
871713
871714
871725
871644
871658
871688
871718
871656
871695
871696
871700
871675
871677
871683
871690
871698
870455
871366
871670
871671
871691
871674
871687
871395
871668
871601
871672
871676
871548
871624
871647
871530
871655
871664
871660
871641
871659
871663
870620
870914
871621
871633
871628
871635
871653
871432
871636
871654
871598
871450
871529
871605
871626
871642
871622
871630
871648
871652
871604
871615
871651
871453
871631
871640
871155
871451
871613
871617
871618
871619
871645
871564
871602
871612
871325
871574
871594
871542
871556
871588
871629
871226
871352
871462
871524
871541
871580
871582
871583
871592
871599
871609
871620
871634
871382
871516
871558
871575
871282
871471
871494
871497
871561
871427
871441
871521
871539
871342
871440
871491
871563
871589
871597
871430
871433
871522
871586
871368
871449
871511
871515
871482
871518
871550
871551
871122
871410
871455
871501
871567
871577
871584
871591
871392
871546
871547
871581
871486
871543
871560
871415
871446
871510
871554
871409
871436
871475
871509
871512
871523
871170
871487
871500
871553
871559
871566
871248
871414
871418
871447
871472
871480
871505
871507
871508
871406
871425
871469
871519
871528
871549
871555
835926
870689
871369
871417
871445
871495
871526
871354
871359
871413
871429
871565
871318
871381
871404
871502
871504
871520
871527
871536
871562
870772
871241
871343
871408
871411
871484
871492
871258
871264
871383
871424
871457
871540
871338
871362
871371
871401
871420
871458
871465
871473
871478
871485
871235
871335
871400
871412
871466
871470
871481
871421
871459
871461
871311
871435
871356
871386
871394
871320
871332
871403
871374
871289
871365
871402
871334
871360
871396
871279
871304
871307
871315
871349
871388
871295
871298
871348
871373
871398
871305
871329
871341
871346
871380
871091
871166
871194
871265
871292
871308
871313
871327
871291
871301
871302
871322
871323
871330
871336
871350
871351
871357
871358
871361
871376
871261
871310
871314
871339
871340
871149
871189
871260
871294
871326
871378
871185
871288
871312
871324
871252
871280
871262
871296
870801
870990
871231
871234
871245
871256
871278
871290
870488
871092
871098
871157
871254
871267
871271
839405
871142
871184
871191
871236
871242
871255
871263
871272
871281
871283
871099
871120
871169
871183
871228
871239
871257
871274
871275
871285
871297
870830
871081
871112
871124
871172
871181
871192
871221
871229
871230
871232
870550
870931
870958
871073
871135
871168
871174
871253
871023
871076
871123
871153
871167
871173
871190
871200
871201
871237
871243
871244
871084
871097
871114
871115
871197
871225
870415
871080
871085
871087
871147
871148
871163
871178
871199
871223
871089
871131
871140
870305
871086
871090
871136
871158
871186
870822
870869
870891
871139
871206
871222
871069
871108
871110
871179
871198
871093
871101
871109
871132
870756
871031
871045
871056
871082
871171
871188
871212
871215
870811
871125
871126
871137
871159
871161
870980
871057
871060
871095
871107
871129
870758
870806
870853
870889
870924
870954
870976
870979
870981
871020
871068
871070
871088
871138
871176
871177
870840
871039
871054
871075
871102
871041
871074
839565
870814
870843
870874
870882
871017
871033
871042
871047
871063
870861
870884
870892
870902
870936
871022
871048
870632
870812
870887
870897
871027
871035
871064
870303
870536
870603
870790
870803
870804
870819
870856
870890
870912
870965
870416
870522
870701
870762
870788
870802
870818
870886
870952
870991
871012
871028
871044
871053
870834
870876
870879
870906
870975
871002
871008
871032
871037
870754
870760
870797
870805
870851
870855
870974
871014
871030
870492
870847
870848
870881
870885
870951
870345
870771
870773
870800
870827
870841
870870
870938
870963
870978
870997
839785
870777
870820
870927
870928
870959
870961
870962
870999
871001
871019
870191
870505
870667
870697
870799
870849
870859
870868
870877
870893
870896
870899
870900
870909
870967
870970
870993
871005
871013
870318
870768
870838
870872
870960
870446
870462
870493
870552
870686
870691
870706
870736
870751
870792
870832
870833
870866
870875
870880
870911
870925
870953
870955
870140
870404
870498
870559
870724
870737
870810
870824
870895
870935
870956
870366
870458
870509
870602
870635
870678
870733
870786
870795
870854
870916
870917
870923
870966
870984
870992
870996
871003
870343
870682
870743
870757
870774
870775
870779
870796
870825
870844
870867
870888
870972
870605
870656
870729
870780
870781
870783
870821
870908
870986
870659
870725
870730
870761
870787
870815
870622
870679
870681
870721
839928
870556
870623
870716
870409
870450
870451
870521
870558
870592
870615
870629
870649
870651
870740
870749
870764
870784
870817
839355
870447
870523
870557
870583
870621
870633
870693
870707
870746
870752
870544
870581
870600
870604
870637
870675
870685
870711
870722
870727
870728
870753
839371
870285
870390
870482
870487
870506
870516
870524
870529
870530
870586
870619
870650
870652
870690
870702
870726
870389
870459
870466
870479
870496
870508
870510
870548
870566
870596
870597
870647
870668
870669
870712
870714
870347
870372
870429
870438
870443
870449
870456
870457
870470
870489
870502
870539
870553
870571
870579
870594
870601
870653
870654
870665
870674
870696
870719
870383
870453
870472
870511
870531
870570
870574
870608
870643
870662
870717
839854
870418
870419
870421
870426
870440
870494
870497
870507
870512
870517
870532
870538
870543
870545
870593
870626
870645
870646
870660
870671
870368
870433
870436
870448
870452
870491
870499
870513
870527
870551
870555
870614
870627
870640
870641
870710
839597
870361
870369
870420
870427
870484
870500
870519
870534
870549
870618
870432
870520
870535
870572
870631
870359
870428
870442
870485
870542
870577
870625
870145
870431
870480
870281
870357
870386
870422
870483
870567
870573
870141
870346
870350
870412
870624
870642
870337
870405
870417
839444
870135
870362
870371
870411
870475
839977
870234
870335
870353
870355
870358
870367
870388
870397
870398
870401
870082
870174
870212
870348
870356
870370
870374
870376
870406
870437
870441
839587
839660
839800
870102
870208
870323
870336
839752
870255
870289
870296
870312
870354
870365
870381
870394
870396
870120
870157
870395
839991
870074
870095
870250
870331
839750
870268
870293
870382
839518
839969
870000
870003
870031
870066
870122
870144
870204
870221
870239
870263
870278
870298
870302
870324
870338
870364
870035
870175
870183
870333
870334
870052
870110
870125
870142
870154
870167
870171
870199
870227
870319
870325
870328
836915
839835
839871
839939
839949
839966
870055
870096
870131
870138
870162
870168
870170
870177
870182
870195
870198
870218
870232
870247
870253
870256
870286
870288
870301
870304
870313
839885
870023
870032
870053
870058
870081
870130
870149
870156
870160
870220
870233
870241
839691
839738
839996
870002
870029
870043
870044
870049
870070
870098
870115
870127
870139
870164
870202
870215
870229
870235
870240
870243
870260
870264
870287
870309
838659
839609
839984
870005
870021
870026
870064
870069
870086
870092
870109
870134
870219
870238
870277
870292
870294
870295
870316
870001
870040
870061
870071
870079
870126
870128
870158
870166
870176
870193
870194
870213
870223
870231
870236
870271
870275
870291
870299
838153
870030
870037
870072
870073
870080
870084
870104
870181
870207
870225
870228
870259
870262
870276
870282
870283
870307
870317
839545
839993
870020
870024
870107
870119
870150
870188
870308
839635
839840
839856
839965
839987
870011
870016
870050
870051
870067
870101
870116
870172
870178
870186
870251
870270
870284
870322
870014
870099
870108
839731
839818
839990
870111
870123
839723
839967
839999
870008
870046
870100
839324
839855
839983
870065
839765
839955
839994
839813
839938
839951
839962
839964
839979
839986
839998
870009
870010
870047
839271
839408
839707
839746
839953
839985
839535
839890
839980
870007
839944
839954
839982
839506
839680
839685
839874
839946
839963
839988
839438
839631
839724
839732
839769
839782
839788
839836
839864
839879
839922
839930
839958
839981
837925
839339
839366
839600
839621
839649
839845
839868
839883
839892
839915
839481
839629
839630
839643
839655
839675
839681
839699
839717
839797
839834
839882
839898
839907
839942
839410
839584
839599
839616
839646
839692
839730
839740
839756
839815
839830
839857
839881
839888
839901
839936
839943
839321
839409
839423
839454
839537
839549
839585
839596
839610
839686
839713
839733
839737
839775
839783
839786
839792
839796
839808
839831
839833
839838
839867
839913
839929
839931
839937
839538
839589
839720
839726
839729
839759
839762
839870
839897
839920
839540
839605
839625
839654
839668
839696
839718
839736
839754
839774
839778
839790
839798
839809
839814
839817
839828
839841
839853
839877
839884
839894
839917
839924
839328
839421
839497
839582
839606
839672
839684
839697
839745
839749
839768
839770
839773
839776
839780
839839
839903
839420
839466
839517
839622
839624
839658
839666
839682
839683
839694
839751
839761
839777
839799
839847
839911
839926
839934
839240
839554
839555
839634
839640
839710
839725
839805
839820
839826
839842
839880
839893
839904
839914
839476
839477
839561
839579
839645
839667
839698
839886
839906
839909
839068
839346
839531
839557
839581
839652
839659
839664
839679
839742
839764
839771
839806
839821
839822
839824
839825
839837
839547
839551
839567
839588
839612
839642
839657
839711
839719
839801
839865
839273
839369
839524
839613
839633
839485
839505
839507
839593
839618
839623
839755
838161
838327
838949
839406
839463
839483
839486
839539
839560
839563
839568
839278
839347
839470
839493
839523
839530
839558
839572
839574
839340
839378
839445
839457
839480
839482
839515
839553
839559
839573
839583
839489
839514
838210
839295
839416
839433
839447
839490
839516
839532
839546
839552
838675
839312
839376
839461
839472
839484
839491
839499
839513
839254
839322
839384
839446
839456
839468
839502
839519
839309
839392
839418
839494
839501
839508
839520
838939
839305
839333
839350
839360
839379
839395
839414
839417
839432
839453
839459
839474
839509
839511
838665
839303
839374
839452
839503
839370
839386
839387
839426
839435
839443
839458
839132
839218
839284
839356
839362
839411
839195
839319
839332
839351
839365
839121
839213
839323
839326
839341
839343
839344
839354
839364
839367
839381
839391
838560
839204
839242
839291
839308
839317
839327
839342
839357
839372
839373
839383
839385
839389
838944
839227
839330
839335
838620
839092
839302
838629
839191
839216
839276
839297
839110
839208
839237
839285
839310
839314
838448
839222
839255
839258
839315
838486
839146
839215
839260
839290
839296
839306
839171
839211
839233
839264
838556
838582
839186
839193
839230
839275
839277
839299
839316
837021
838752
838966
839239
839281
839289
839292
838796
838894
839101
839155
839209
839223
839229
839241
839253
839270
839279
839167
839198
839244
838239
839194
839197
839199
838404
838437
839154
839173
839175
839224
838425
839122
839137
839174
839246
838114
838203
838774
838910
839131
839142
839180
839201
839207
839226
839266
838330
838694
838917
839185
839192
839220
839231
839238
838814
839161
839189
839202
839205
839228
839259
839118
839140
839156
839164
839178
839188
839190
839196
839206
838470
838786
838987
839010
839116
839148
839163
839181
839182
839184
839187
839203
839212
838394
838780
838790
838810
838978
838992
839214
839232
838649
838722
839058
839086
839143
839152
838501
838682
838834
838990
839036
839153
838477
838499
838686
839133
838837
838980
838040
838310
838723
839139
839145
838091
838295
838619
838855
838925
838951
839003
839044
839073
837920
837998
838449
838669
838807
838899
839035
838297
838468
838581
838608
838646
838654
838661
838687
838732
838757
838878
838988
839021
839030
839085
839109
837944
838615
838616
838623
838801
838809
838846
838905
839130
838122
838444
838478
838536
838677
838781
838865
838946
839084
838149
838211
838317
838464
838546
838632
838822
838856
838924
838243
838312
838331
838460
838517
838518
838531
838637
838641
838647
838685
838770
838815
838934
838963
838994
839012
839024
839071
839123
838021
838088
838163
838197
838260
838273
838293
838344
838402
838474
838529
838533
838553
838566
838571
838590
838704
838714
838767
838804
838835
838862
838903
838915
838974
838984
839034
839074
839081
839114
839120
837870
838097
838156
838160
838167
838184
838250
838411
838550
838564
838584
838593
838728
838799
838850
838911
838941
839032
838150
838164
838213
838222
838227
838264
838298
838399
838413
838430
838480
838482
838547
838563
838573
838576
838595
838628
838651
838662
838663
838667
838671
838699
838712
838793
838812
838813
838843
838849
838868
838882
838893
838916
838927
838937
838947
838970
838981
838983
838993
839016
839018
839028
839031
839041
839045
839056
839067
839080
839089
837978
838054
838158
838238
838269
838328
838355
838364
838392
838395
838406
838409
838410
838417
838456
838463
838511
838587
838613
838635
838644
838791
838906
838928
838931
838957
838971
838982
838997
839009
839020
839029
839037
839047
839098
839099
838159
838232
838274
838332
838469
838512
838548
838552
838653
838708
838741
838784
838840
838854
838858
838866
838883
838900
838908
838933
838956
838989
838998
839005
839033
839038
839042
839076
839093
839113
839125
837889
837906
838062
838104
838208
838248
838309
838385
838386
838443
838465
838467
838473
838540
838542
838561
838574
838602
838630
838633
838642
838672
838707
838736
838737
838740
838753
838754
838762
838771
838798
838800
838811
838816
838832
838892
838907
838955
838958
838959
838979
839013
839054
838039
838069
838095
838137
838251
838256
838279
838300
838335
838337
838363
838378
838453
838457
838458
838475
838476
838483
838484
838497
838498
838507
838519
838537
838549
838559
838569
838578
838596
838597
838598
838606
838607
838655
838664
838670
838696
838706
838727
838729
838730
838758
838764
838768
838795
838802
838803
838808
838817
838823
838826
838829
838841
838847
838857
838870
838877
838895
838897
838898
838909
838919
838952
838961
837752
837941
838033
838042
838107
838129
838162
838181
838183
838204
838246
838349
838351
838357
838365
838366
838372
838387
838408
838426
838440
838451
838452
838491
838523
838541
838580
838603
838650
838656
838709
838721
838724
838749
838756
838766
838775
838828
838852
838861
838875
838901
838940
838943
837986
838072
838094
838120
838172
838214
838225
838275
838283
838292
838314
838324
838338
838369
838379
838388
838415
838418
838471
838479
838504
838514
838525
838535
838545
838558
838570
838589
838604
838612
838618
838638
838693
838701
838760
838825
838879
837867
837869
837899
837940
838026
838036
838115
838247
838282
838288
838304
838322
838358
838414
838432
838508
838624
838691
838705
838726
838744
838819
837070
838010
838018
838128
838146
838168
838236
838263
838268
838278
838284
838296
838329
838346
838354
838419
838428
838481
838526
838626
837968
838032
838041
838049
838067
838076
838087
838096
838102
838116
838118
838165
838176
838182
838187
838190
838200
838209
838226
838228
838245
838262
838271
838277
838313
838316
838319
838334
838362
838374
838381
838522
837831
837995
838030
838058
838092
838093
838099
838103
838105
838109
838131
838133
838166
838192
838194
838196
838221
838240
838242
838257
838303
838384
838502
837922
837939
837972
837988
837993
838011
838017
838051
838078
838117
838186
838241
837709
837853
837952
837965
837967
837977
837987
838046
838053
838071
838082
838140
838174
837907
837936
837966
837989
838020
838029
838060
838075
838080
838089
838141
838152
838171
837893
837931
837934
837961
837980
837982
837991
838028
838031
838034
838068
837507
837963
837983
837997
838012
838022
838073
837485
837858
837979
837996
838006
838014
838064
837857
837902
837930
837949
837953
837955
837956
837962
838070
837840
837881
837932
837837
837846
837856
837935
837950
837971
837784
837876
837913
837878
837898
837915
837929
837937
837823
837927
837500
837816
837865
837885
837917
837919
837852
837862
837866
837868
837877
837888
837891
837918
837845
837851
837879
837887
837892
837894
837912
837710
837863
837736
837855
837874
837880
837674
837716
837838
837864
837433
837531
837728
837778
837782
837841
837718
837766
837815
837836
837666
837804
837814
837819
837826
837699
837729
837740
837741
837745
837835
836953
837667
837749
837564
837668
837781
837798
837545
837654
837809
837833
837480
837601
837647
837704
837763
837821
837301
837593
837801
837810
837014
837151
837504
837676
837679
837717
837719
837747
837774
837777
837611
837761
837762
837681
837725
837577
837656
837671
837724
837739
837743
837758
835987
837400
837622
837653
837673
837692
837693
837721
837773
837795
837585
837670
837685
837695
837720
837734
837748
837373
837586
837631
837633
837687
837691
837698
837733
837755
837785
836591
837062
837441
837609
837634
837638
837661
837663
837680
837682
837684
837694
837697
837701
837711
837726
837742
837768
837770
837789
837793
837796
837057
837432
837449
837617
837641
837651
837664
837678
837690
837779
837540
837707
837282
837291
837377
837630
836978
837567
837570
837607
837614
837626
837646
837662
836907
837003
837221
837323
837606
837637
837370
837371
837466
837556
837592
837619
837639
837261
837399
837530
837561
837569
837574
837579
837000
837047
837187
837230
837266
837368
837512
837521
837550
837563
837588
837610
837644
837087
837240
837339
837393
837445
837519
837524
837549
837555
837576
837620
836846
837300
837345
837477
837511
837527
837535
837558
837573
837591
837608
837320
837472
837547
837566
837575
837580
837605
835985
837383
837402
837424
837459
837506
837515
837516
837525
837551
837578
837581
837582
837595
837177
837231
837233
837256
837348
837388
837396
837403
837406
837413
837429
837438
837439
837457
837461
837473
837487
837497
837529
837557
837095
837109
837134
837146
837224
837372
837410
837436
837458
837492
837494
837499
837526
837528
837532
837544
837548
837179
837226
837253
837298
837333
837336
837378
837404
837430
837523
837538
837552
837560
836419
836468
836744
837040
837276
837284
837289
837313
837334
837340
837344
837350
837384
837392
837427
837453
837479
837503
837509
836794
836800
837222
837287
837319
837420
837421
837450
837476
837491
837510
837534
836975
836981
837083
837106
837120
837169
837175
837217
837264
837283
837317
837385
837389
837408
837422
837455
837508
837522
837023
837191
837220
837236
837303
837308
837324
837353
837362
837423
837443
837447
836310
837174
837185
837227
837228
837232
837254
837273
837304
837363
836946
837205
837263
837281
837318
837341
837355
837375
837145
837147
837184
837274
837299
837314
836834
836911
836948
837009
837033
837034
837207
837242
837247
837251
837269
837271
837272
837288
837305
837312
837327
837331
837347
836302
836643
836891
836992
837098
837136
837137
837148
837157
837211
837212
837225
837248
837260
837267
837302
837343
836653
837012
837036
837180
837193
837215
837295
837326
837351
836504
836550
836836
836863
836867
836908
836924
837011
837074
837090
837108
837125
837128
837138
837181
837210
837259
837268
836649
836810
836879
837122
837144
837189
837200
837237
836872
837173
837182
837201
836607
836692
836709
836859
836967
835587
836332
836361
836397
836670
836775
836797
836802
836823
836828
836843
836861
836875
836883
836892
836896
836941
836949
836968
836972
836989
836993
837018
837019
837035
837046
837058
837060
837064
837066
837072
837073
837092
837133
835368
836270
836603
836631
836711
836723
836758
836759
836812
836840
836848
836856
836864
836866
836874
836885
836894
836913
836942
836963
836979
836984
836998
837006
837008
837013
837026
837044
837051
837052
837053
837069
837078
837084
837089
837113
837118
837150
837161
836729
836763
836803
836811
836816
836830
836837
836845
836847
836851
836858
836893
836903
836909
836928
836933
836935
836939
836955
836960
836996
837042
837063
837065
837067
837081
837085
837094
837105
837121
837126
837129
837153
837178
836162
836287
836636
836652
836665
836732
836741
836742
836743
836753
836770
836778
836779
836826
836829
836831
836853
836855
836871
836876
836877
836890
836910
836912
836918
836930
836932
836944
836957
836961
836964
836976
836977
836991
836994
837017
837022
837132
837135
837143
835859
836342
836455
836594
836597
836767
836769
836782
836807
836820
836825
836827
836842
836854
836881
836888
836898
836969
836974
836291
836475
836531
836579
836605
836627
836642
836651
836793
836805
836809
836818
836090
836331
836337
836400
836456
836473
836641
836650
836703
836712
836717
836745
836783
835907
836032
836433
836610
836645
836674
836727
836746
836760
836772
836784
836792
835725
836185
836189
836235
836319
836358
836378
836384
836418
836440
836492
836552
836596
836689
836735
836771
836780
836785
836790
836870
836181
836410
836414
836425
836668
836715
836728
836733
836755
836756
836761
836002
836281
836437
836647
836683
836690
836693
836694
836696
836708
836718
836719
836757
836777
836786
836954
835738
835940
836426
836503
836512
836573
836602
836666
836680
836691
836699
836720
835637
836330
836442
836486
836595
836601
836768
834713
836058
836236
836329
836391
836439
836448
836452
836529
836556
836583
836618
835957
836078
836195
836256
836352
836380
836460
836462
836523
836542
836609
836619
836624
836657
836658
836663
836739
835735
836312
836389
836405
836514
836562
836589
836592
836632
836659
836660
836669
836278
836459
836476
836490
836545
836590
836688
835854
836015
836306
836521
836608
836675
836774
836239
836275
836277
836316
836328
836335
836453
836482
836537
836557
836560
836575
836581
836679
836686
836734
836171
836232
836333
836406
836613
835906
836052
836106
836212
836314
836315
836396
835792
835877
836077
836194
836260
836321
836458
836477
836479
836509
836044
836325
836362
836381
836466
836487
836534
836625
835567
835983
835993
836024
836056
836206
836221
836237
836248
836295
836346
836357
836371
836377
836382
836388
836399
836409
836491
836580
836118
836228
836263
836264
836286
836344
836390
836417
836421
836422
836447
836544
836572
836584
836639
836678
835935
835973
836111
836126
836148
836153
836255
836266
836284
836305
836374
836379
836407
836415
836443
836530
836540
836047
836089
836145
836203
836220
836224
836234
836254
836268
836274
836339
836343
836347
836348
836364
836450
836507
836577
836635
835635
836001
836027
836139
836144
836156
836157
836166
836178
836193
836215
836217
836231
836247
836249
836253
836290
836301
836338
836386
836472
836499
836547
836667
835769
835839
835969
836050
836109
836117
836122
836127
836129
836134
836151
836155
836159
836196
836213
836227
836241
836245
836533
836617
835891
835898
835924
836103
836104
836108
836137
836261
836311
835875
835929
835997
836012
836062
836091
836093
836138
836140
836190
836230
836279
836297
836303
836318
836353
836366
836432
836435
836508
836208
836259
835910
835921
835970
836021
836075
836115
836123
836125
836143
836163
836226
836300
836373
836392
836395
836451
835950
836059
836079
836161
836170
836183
836225
836464
835841
835894
835903
835947
836028
836045
836098
836100
836131
836132
836149
836160
836172
836191
835698
835763
835827
835856
835909
835922
835939
835974
836066
836068
836070
836072
836076
836081
836113
836164
836192
836205
836209
836210
836216
835861
835862
835952
836055
836186
835762
835899
835946
835959
836011
836073
835817
835936
835961
835990
835991
835995
836005
836033
836036
835806
835830
835848
835925
835927
835944
835949
835960
836051
836136
835737
835776
835808
835851
835883
835900
835914
835989
836008
835779
835805
835889
835982
836020
836029
835743
835888
835941
836014
835410
835811
835892
835948
835708
835804
835816
835849
835886
835911
835963
835992
836030
835558
835902
835968
835977
835996
836004
835645
835757
835834
835860
835913
835842
835853
835878
835979
836039
835729
835897
835690
835775
835788
835833
835843
835850
835890
835930
836041
835655
835786
835798
835801
835847
835872
835881
835901
835912
835250
835679
835711
835800
835812
835837
835852
835159
835727
835748
835760
835857
835631
835640
835785
835787
835795
835818
835425
835512
835714
835751
835765
835609
835659
835682
835756
835764
835791
835595
835600
835647
835684
835709
835721
835759
835773
835778
835555
835605
835634
835665
835678
835680
835685
835693
835697
835718
835746
835755
835784
835695
835719
835728
835526
835628
835688
835692
835702
835723
835582
835666
835705
835451
835453
835454
835566
835654
835667
835670
835681
835691
835302
835304
835306
835382
835414
835435
835457
835474
835475
835476
835572
835611
835618
835636
835657
834879
835280
835329
835488
835556
834898
835316
835319
835395
835418
835438
835473
835492
835495
835574
835616
835620
835632
835642
835662
835669
835675
834974
835230
835248
835291
835299
835442
835463
835578
835598
835599
835601
835602
835608
835624
834748
835244
835330
835333
835342
835370
835415
835416
835446
835462
835490
835503
835508
835511
835525
835532
835542
835579
835641
835187
835343
835409
835426
835447
835448
835452
835487
835496
835509
835514
835541
835544
835584
835591
835133
835198
835259
835272
835286
835365
835371
835431
835498
835513
835527
835534
835545
835622
835051
835246
835311
835367
835374
835380
835387
835391
835392
835401
835405
835427
835450
835461
835483
835494
835521
835533
835536
835549
835553
835564
835570
835586
835590
835596
835597
835042
835068
835322
835332
835361
835363
835372
835373
835429
835439
835441
835445
835491
835500
835505
835538
835539
835563
835565
835143
835173
835240
835328
835362
835412
835417
835421
835471
835517
835540
834734
834937
835031
835106
835223
835231
835296
835340
835359
835376
835377
835381
835383
835384
835393
835430
835443
835528
834625
834868
835093
835115
835217
835227
835236
835266
835278
835295
835314
835323
835334
835335
835338
835352
835354
835364
835375
834307
834591
834737
834782
835131
835192
835206
835228
835237
835256
835270
835318
835347
835081
835091
835094
835104
835134
835202
835220
835234
835287
835293
835297
835298
835300
835307
835309
835312
834533
834851
834886
834975
834978
834996
835063
835147
835196
835203
835208
835211
835212
835218
835282
835317
834658
834716
834797
835003
835120
835126
835180
835191
835195
835210
835233
835262
835269
835283
835301
834469
834945
834965
835004
835033
835035
835047
835070
835072
835076
835146
835174
835222
835281
835290
834223
834678
834699
834756
834793
834812
834849
834927
835021
835101
835128
835142
835161
835163
835169
835181
835185
835193
835245
835257
835305
834585
834594
834891
835098
835102
835107
835109
835111
835112
835135
835136
835138
835141
835152
835157
834308
834684
834863
834938
834959
835041
835086
835118
835164
835175
835179
835184
835189
835205
835207
834534
834845
834874
834956
835046
835067
835087
835156
835168
834492
834548
834607
834639
834700
834718
834730
834774
834843
834940
834961
835013
835015
835027
835045
835049
835061
835096
835105
835117
835171
834467
834562
834644
834800
834871
834872
834881
834896
834912
834920
834951
835011
835014
835017
835019
835050
835058
835059
835075
835077
835080
835092
835108
834422
834596
834763
834792
834803
834840
834892
834971
834972
834977
834997
835007
835037
835040
835052
835062
835071
835074
835084
835085
834584
834686
834692
834693
834714
834720
834743
834755
834819
834827
834846
834862
834900
834911
834933
834953
834960
834963
834982
835008
835057
834410
834416
834536
834545
834627
834637
834646
834667
834747
834770
834822
834824
834873
834889
834914
834934
834950
834966
834979
834990
835020
835026
835032
835034
833315
834086
834636
834650
834679
834696
834702
834741
834751
834765
834777
834785
834794
834815
834826
834833
834857
834882
834885
834893
834919
834926
834935
834939
834952
834992
835000
834429
834568
834581
834588
834599
834611
834677
834682
834690
834729
834740
834834
834839
834860
834888
834902
834983
835002
834187
834515
834617
834670
834672
834706
834712
834727
834757
834759
834766
834767
834808
834853
834877
834887
834915
834916
834924
834928
834948
834954
834976
834985
834420
834426
834547
834560
834577
834579
834593
834624
834643
834683
834687
834707
834773
834781
834802
834878
834921
834432
834497
834565
834567
834605
834620
834654
834668
834676
834705
834731
834738
834764
834791
834810
834823
834837
834865
834866
834884
834388
834477
834503
834528
834542
834552
834554
834559
834561
834657
834703
834715
834762
834772
834784
834811
834832
833135
834415
834438
834470
834476
834498
834518
834520
834538
834551
834572
834592
834662
834681
834688
834701
834726
834728
834732
834760
834780
834795
834818
834478
834519
834530
834540
834557
834569
834590
834621
834623
834626
834630
834631
834648
834661
834685
834691
834752
834775
834084
834139
834407
834521
834543
834549
834553
834609
834614
834618
834260
834288
834387
834397
834433
834483
834487
834489
834504
834546
834578
834616
834641
834176
834385
834404
834411
834473
834506
834517
834539
834653
834003
834217
834276
834377
834408
834421
834446
834468
834486
834490
834510
834511
834529
834558
834587
833848
833988
834026
834264
834296
834418
834424
834440
834442
834443
834462
834475
834500
833804
834128
834147
834339
834354
834378
834399
834412
834414
834495
834014
834199
834239
834263
834282
834293
834295
834298
834327
834328
834348
834361
834406
834445
834509
833818
834065
834087
834237
834277
834316
834329
834344
834345
834366
834368
834428
834463
834466
834482
834019
834221
834342
834346
834357
834363
834365
834369
834376
834395
834425
834450
834465
834051
834072
834102
834171
834209
834372
834401
834402
833907
833967
834040
834067
834216
834256
834343
834347
834370
834073
834182
834185
834189
834233
834289
834292
834294
834304
834371
833772
833837
833839
833998
834001
834085
834183
834192
834194
834195
834253
834267
834284
834290
834306
834323
834324
834325
834335
834367
834373
833751
833979
834012
834018
834033
834042
834144
834166
834255
834259
834315
834326
834331
834359
834375
833645
833873
834118
834146
834151
834162
834218
834219
834248
834249
834258
834270
834303
834322
833914
833932
834031
834044
834114
834157
834167
834169
834179
834196
834205
834222
834232
834236
834240
834242
834250
834252
834261
834274
834281
834300
833624
834002
834016
834063
834126
834132
834170
834243
833491
833760
833898
833997
834054
834069
834080
834092
834104
834117
834135
834136
834143
834156
834193
834212
834213
833903
834088
834106
834107
834110
834150
834180
834184
833815
833833
833864
833994
834008
834062
834076
834078
834095
834113
834122
834155
834202
834338
833658
833824
833935
833999
834038
834066
834077
834082
834089
834101
834105
834111
834123
834125
834129
832992
833763
833827
833965
834048
834060
834094
834096
834134
834017
834081
833724
833832
833896
833906
833981
833991
834005
834010
834036
834043
834058
833902
833934
833939
833953
834021
834045
833585
833699
833822
833835
833924
833927
833954
833961
833969
833972
833995
834037
834046
833609
833665
833734
833735
833840
833876
833893
833921
833937
833956
833966
833765
833836
833882
833886
833908
833922
833923
833930
833960
833963
833980
833983
833984
833851
833871
833909
833936
833943
833976
833977
833978
833985
833096
833675
833789
833855
833858
833901
833918
833941
833955
833660
833697
833779
833821
833828
833844
833849
833899
833945
833470
833682
833778
833811
833830
833838
833859
833892
833928
833938
833703
833764
833786
833819
833843
833846
833857
833865
833866
833877
833881
833887
833925
833962
833604
833627
833768
833781
833782
833784
833785
833802
833809
833813
833847
833863
833874
833884
833479
833509
833657
833680
833705
833737
833755
833757
833801
833814
833867
833872
833594
833649
833683
833745
833748
833770
833777
833783
833796
833842
833497
833671
833727
833746
833767
833791
833816
833580
833652
833700
833711
833712
833713
833716
833723
833731
833753
833694
833175
833560
833572
833595
833664
833687
833693
833706
833741
833743
833747
833385
833599
833614
833632
833646
833650
833653
833707
833719
833720
833736
833742
833528
833576
833603
833611
833636
833640
833678
833701
833726
833562
833617
833629
833637
833648
833654
833663
833669
833681
833689
833478
833606
833620
833623
833655
833672
833686
833696
833717
833421
833582
833590
833605
833612
833613
833616
833619
833622
833662
833668
833208
833457
833493
833628
833502
833524
833526
833555
833631
833519
833529
833543
833586
833618
833651
833366
833431
833487
833532
833539
833588
833256
833404
833477
833534
833547
833567
833571
833574
833575
833608
833423
833569
833320
833443
833484
833523
833548
833549
833556
833570
833573
833065
833399
833408
833422
833473
833538
833542
833465
833485
833489
833533
833579
833269
833367
833432
833450
833472
833492
833494
833504
833515
833535
833552
833390
833394
833424
833426
833495
833499
833503
833505
833506
833514
833517
833559
833040
833176
833439
833455
833458
833464
833500
833507
833565
833082
833302
833379
833454
833476
833483
833496
833381
833387
833414
833440
833441
833462
833467
833480
833481
833482
833486
833338
833365
833377
833420
833451
833453
833468
833073
833251
833286
833369
833374
833378
833382
833383
833393
833428
833429
833433
833290
833386
833391
833407
833427
833287
833314
833349
833395
833402
833412
833041
833214
833318
833345
833410
833430
833442
833444
833396
833434
833316
833356
833371
832765
832872
832898
833267
833278
833285
833308
833370
833238
833245
833248
833297
833325
833346
833351
833355
833042
833088
833207
833224
833228
833230
833234
833260
833265
833272
833279
833306
833332
833333
833076
833181
833189
833200
833240
833244
833262
833284
833298
833303
833341
833075
833187
833212
833217
833225
833282
833307
833339
833340
833111
833112
833165
833183
833211
833246
833255
833263
833275
833280
833281
833324
833331
833334
832987
833032
833132
833300
833305
833310
832731
833162
833166
833167
833168
833197
833199
833202
833204
833210
833218
833226
833266
833273
833319
833347
833043
833060
833114
833115
833172
833201
833213
833219
833221
833222
833242
833243
833277
833301
833161
833205
833227
833239
832912
832953
832971
832973
833164
833179
833233
833055
833120
833126
833158
833160
833177
832809
832890
832929
832954
832989
833009
833022
833064
833171
833154
832895
832923
832975
833011
833023
833036
833093
833099
833105
833118
833119
833136
833151
833159
833173
833182
833186
832784
832853
832858
832862
832863
832867
832869
832906
832942
832947
832972
832996
833006
833014
833018
833033
833035
833037
833044
833050
833051
833052
833057
833058
833062
833068
833074
833100
833127
833137
833170
832864
832875
832881
832910
832925
832930
832950
832966
832980
832997
833003
833015
833024
833030
833047
833053
833069
833070
833077
833098
833106
833110
833146
833153
832786
832903
832917
832918
832935
832937
832943
832958
832988
832994
833004
833012
833063
832730
832878
832888
832894
832902
832911
832920
832944
832959
832970
832978
833000
833016
833028
833029
833046
833084
833091
832712
832751
832773
832781
832802
832807
832813
832816
832832
832836
832848
832849
832861
832874
832891
832893
832905
832907
832913
832916
832919
832926
832934
832946
832964
832968
832974
832982
832984
832986
833072
832722
832780
832835
832876
832882
832889
832914
832915
832927
832932
832936
832948
832955
832956
832963
832985
832769
832800
832850
832885
832924
832951
832474
832707
832750
832770
832776
832792
832828
832830
832833
832854
832896
832928
832952
832689
832817
832834
832842
832852
832859
832879
832886
832724
832754
832774
832791
832757
832762
832771
832777
832778
832779
832799
832839
832844
832866
832432
832699
832715
832748
832764
832783
832787
832789
832793
832814
832822
832825
832667
832714
832735
832753
832767
832782
832790
832819
832740
832749
832697
832710
832721
832728
832736
832737
832741
832763
832798
832811
832883
832705
832711
832718
832720
832723
832727
832734
832738
832739
832673
832702
832709
832713
832725
832654
832674
832695
832704
832698
832743
832635
832656
832669
832684
832685
832686
832693
832703
832562
832649
832694
832696
832455
832652
832672
832653
832666
832687
832690
832586
832637
832660
832676
832682
832579
832670
832643
832650
832651
832664
832665
832630
832645
832655
832662
832601
832644
832648
832658
832661
832602
832647
832657
832004
832568
832608
832502
832605
832634
832638
832641
832642
832646
831988
832519
832532
832570
832593
832623
832558
832575
832594
832614
832616
832629
832541
832576
832577
832595
832606
832613
832627
832511
832560
832574
832583
832590
832591
832592
832620
832621
832563
832566
832571
832572
832573
832581
832597
832607
832554
832556
832557
832567
832569
832603
832533
832545
832524
832537
832553
832555
832535
832538
832547
832546
832508
832518
832528
832534
832503
832505
832520
832522
832531
832550
832373
832437
832499
832517
832459
832489
832506
832513
832521
832456
832478
832492
832510
832421
832475
832494
832509
832399
832406
832430
832445
832460
832472
832385
832393
832469
832470
832419
832465
832467
832480
832493
832497
832447
832449
832453
832463
832464
832471
832476
832482
832483
832484
832491
832496
832431
832439
832458
832468
832495
832412
832425
832440
832441
832457
832337
832377
832428
832436
832477
832479
832382
832404
832435
832438
832488
832355
832403
832415
832416
832417
832444
832347
832395
832418
832423
832389
832397
832402
832407
832383
832391
832400
832409
832360
832386
832390
832394
832398
832378
832379
832381
832405
832380
832332
832359
832304
832352
832346
832350
832351
832363
832364
832292
832293
832297
832336
832357
832358
832369
832370
832217
832282
832309
832310
832354
832366
832368
832259
832278
832281
832301
832327
832334
832341
832356
832266
832276
832291
832305
832307
832315
832320
832325
832326
832335
832344
832208
832225
832232
832233
832234
832294
832319
832321
832323
832339
832238
832246
832286
832290
832298
832302
832314
832316
832317
832329
832067
832257
832265
832311
832318
832331
832372
832251
832258
832270
832271
832296
832172
832222
832248
832249
832256
832262
832274
832285
832289
832209
832240
832247
832255
832280
832283
832216
832263
832264
832267
832277
832178
832181
832198
832221
832226
832229
832239
832241
832244
832254
832174
832220
832175
832195
832207
832213
832214
832215
832236
832186
832191
832196
832199
832205
832211
832212
832219
832230
832204
832223
832176
832189
832179
832185
832081
832163
832173
832136
832149
832042
832084
832171
832103
832134
831929
832119
832132
831915
831944
831961
832061
832073
832129
832155
832164
832167
832056
832126
832139
832151
832152
832006
832059
832089
832124
832127
832131
832138
832141
832144
832036
832091
832120
832135
832145
832146
832166
832013
832039
832082
832094
832105
832107
832108
832033
832057
832095
832101
832115
832118
832133
832040
832046
832060
832064
832085
832086
832100
832110
832113
832114
832117
832000
832026
832032
832037
832047
832053
832062
832078
832088
832111
832116
831931
831952
832008
832048
832049
832063
832071
832093
832058
832077
831972
832010
832017
832054
832069
832075
832055
831898
831945
832041
831938
832014
832022
832035
832038
832043
831730
831745
831880
831893
831943
831978
831984
831986
831997
832052
831932
831933
831934
831941
831942
831963
831989
831994
832001
832002
832007
832009
832018
832019
832045
832050
831925
831937
831958
831962
831991
831999
832023
831935
831936
831955
831960
831974
831985
831993
832028
831870
831969
831995
832003
832012
832021
832027
832029
831890
831940
831951
831957
831970
831973
832025
831703
831946
831948
831981
831983
831990
831924
831954
831854
831894
831992
831877
831892
831906
831794
831838
831844
831855
831865
831910
831928
831866
831904
831862
831882
831884
831896
831902
831907
831909
831912
831916
831923
831816
831858
831873
831875
831879
831881
831885
831900
831922
831891
831897
831917
831927
831655
831701
831722
831725
831807
831814
831832
831856
831869
831878
831888
831718
831739
831782
831834
831835
831850
831851
831852
831860
831631
831646
831705
831773
831774
831798
831801
831817
831826
831853
831874
831676
831697
831741
831756
831758
831760
831770
831784
831790
831810
831829
831836
831840
831841
831843
831571
831700
831709
831738
831748
831749
831767
831799
831806
831828
831833
831846
831711
831720
831721
831734
831752
831754
831755
831769
831783
831789
831804
831805
831815
831830
831629
831678
831686
831689
831693
831710
831736
831744
831747
831765
831793
831800
831824
831827
831831
831598
831627
831640
831658
831667
831669
831672
831724
831727
831742
831772
831778
831779
831808
831813
831568
831670
831680
831707
831708
831732
831746
831753
831757
831759
831768
831802
831839
831660
831702
831706
831719
831766
831819
831621
831638
831641
831650
831685
831690
831691
831737
831740
831743
831750
831776
831787
831601
831634
831643
831661
831663
831666
831679
831682
831696
831698
831704
831723
831726
831611
831619
831642
831664
831674
831694
831481
831604
831620
831622
831635
831657
831677
831714
831633
831673
831539
831569
831589
831591
831595
831614
831615
831625
831632
831654
831537
831572
831602
831623
831626
831675
831504
831548
831550
831553
831565
831566
831574
831575
831577
831583
831586
831587
831588
831594
831603
831608
831609
831618
831668
831434
831578
831579
831581
831584
831605
831606
831590
831593
831552
831556
831563
831564
831567
831599
831394
831538
831460
831501
831510
831546
831562
831524
831526
831527
831529
831534
831541
831555
831520
831532
831533
831554
831561
831453
831511
831513
831523
831536
831475
831483
831484
831496
831514
831515
831516
831518
831519
831521
831500
831502
831503
831507
831455
831465
831477
831478
831479
831491
831441
831449
831476
831090
831428
831445
831451
831452
831456
831464
831469
831485
831487
831490
831493
831399
831408
831425
831433
831436
831440
831442
831446
831448
831459
831467
831474
831480
831482
831486
831492
831385
831404
831416
831421
831423
831424
831438
831439
831443
831454
831462
831463
831470
831472
831379
831398
831414
831418
831419
831296
831391
831395
831412
831415
831417
831366
831390
831396
831401
831405
831406
831409
831422
831431
831383
831386
831387
831389
831397
831402
831380
831384
831378
831382
831334
831368
831376
831370
831365
831372
831373
831344
831356
831369
831336
831367
831358
831359
831337
831360
831331
831350
831351
831363
831306
831339
831345
831348
831353
831355
831361
831293
831297
831308
831321
831324
831325
831326
831327
831332
831349
831354
831357
831283
831305
831311
831315
831322
831328
831340
831343
831346
831290
831303
831304
831317
831318
831323
831330
831338
831341
831246
831287
831288
831289
831300
831309
831312
831313
831319
831266
831270
831271
831281
831284
831292
831299
831269
831272
831282
831285
831259
831260
831262
831264
831265
831274
831275
831276
831278
831280
831239
831248
831253
831261
831273
831240
831251
831252
831254
831255
831231
831232
831241
831242
831243
831244
831247
831233
831205
831234
831237
831227
831199
831201
831203
831216
831226
831229
831236
831222
831228
831230
831206
831209
831212
831225
831207
831208
831211
831220
831204
831200
831176
831195
831217
831197
831175
831177
831188
831193
831178
831181
831182
831185
831198
831171
831173
831179
831183
831184
831186
831187
831136
831167
831168
831162
831165
831169
831161
831163
831166
831152
831159
831160
831144
831151
831150
831156
831143
831148
831154
831149
831133
831134
831137
831140
831068
831142
831139
831124
831130
831131
831129
831132
831028
831029
831032
831055
831060
831061
831062
831063
831065
831078
831092
831093
831097
831099
831108
831122
831004
831027
831033
831035
831048
831070
831073
831095
831107
831114
831115
831116
831010
831013
831022
831030
831058
831064
831067
831072
831084
831096
831104
831123
831005
831026
831040
831046
831053
831074
831003
831006
831007
831014
831036
831039
831047
831057
831066
831085
831091
831094
831118
831019
831043
831071
831080
831081
831087
831101
831113
831001
831002
831021
831034
831054
831059
831075
831083
831106
831112
831119
831009
831015
831023
831025
831042
831049
831110
831111
831121
830924
830930
830945
830959
830969
830970
830974
830975
830976
830984
830990
830993
830994
830995
830996
830998
830999
830917
830936
830938
830939
830961
830972
830980
830982
830988
830914
830918
830921
830931
830942
830944
830986
830892
830911
830913
830922
830926
830927
830953
830955
830958
830964
830966
830971
830978
830983
830916
830934
830915
830920
830929
830946
830947
830889
830928
830933
830940
830943
830900
830894
830896
830898
830899
830941
830949
830890
830902
830923
830888
830891
830906
830893
830903
830904
830905
830881
830883
830885
830882
830872
830879
830886
830863
830859
830870
830874
830876
830877
830844
830880
430762
830864
830871
830875
830852
830868
830873
830878
830840
830856
830862
830867
830839
830846
830848
830850
830853
830860
830861
430735
830836
830847
830849
830857
830802
830832
830834
830843
830837
830841
830851
830830
830828
830833
830855
830823
830829
830818
830825
830827
830819
830824
830821
830812
830815
830817
830810
830797
830807
830809
830813
830798
830794
830770
830784
830790
830791
830803
830776
830799
830789
830796
830801
830806
830785
830769
830778
830781
830782
830786
830787
830771
830772
430755
430756
430757
430758
430759
430761
430763
430764
830765
830767
830768
830773
830774
830775
830779
430753
830783
830792
430734
430722
430725
430726
430727
430730
430733
430742
430743
430749
430718
430724
430736
430744
430745
430746
430714
430715
430716
430717
430728
430731
430732
430737
430738
430748
430719
430701
430709
430712
430703
430706
430704
430698
430675
430687
430629
430673
430676
430682
430695
430697
430677
430680
430683
430690
430685
430692
430694
430684
430686
430669
430671
430672
430668
430659
430670
430666
430667
430663
430665
430660
430661
430664
430662
430640
430646
430652
430657
430639
430635
430637
430647
430636
430638
430641
430644
430645
430649
430650
430651
430655
430489
430656
430632
430634
430653
430658
430366
430367
430368
430369
430370
430372
430374
430375
430376
430377
430379
430380
430381
430382
430383
430385
430386
430387
430388
430390
430391
430392
430393
430394
430395
430396
430397
430398
430401
430403
430405
430406
430407
430408
430409
430410
430411
430412
430413
430414
430416
430418
430420
430421
430422
430423
430424
430425
430426
430427
430428
430429
430430
430432
430434
430435
430437
430438
430439
430440
430441
430442
430443
430446
430447
430448
430451
430452
430453
430454
430455
430457
430458
430459
430460
430461
430462
430463
430464
430465
430467
430468
430470
430471
430472
430473
430476
430477
430478
430479
430480
430482
430484
430485
430486
430487
430488
430490
430491
430492
430493
430494
430495
430496
430497
430499
430500
430501
430502
430503
430504
430505
430507
430508
430509
430510
430511
430513
430514
430515
430516
430517
430519
430520
430521
430523
430524
430525
430527
430528
430529
430530
430535
430536
430537
430538
430539
430540
430541
430542
430545
430547
430549
430550
430552
430553
430555
430556
430558
430559
430560
430561
430562
430563
430564
430565
430566
430567
430569
430570
430571
430572
430573
430574
430576
430577
430578
430579
430580
430582
430583
430584
430585
430586
430588
430589
430590
430592
430593
430594
430595
430596
430597
430600
430601
430602
430604
430607
430609
430610
430611
430615
430616
430619
430620
430621
430622
430623
430626
430627
430630
430362
430360
430361
430363
430359
430356
430358
430346
430344
430350
430351
430347
430353
430337
430338
430339
430343
430334
430335
430336
430341
430333
430326
430324
430318
430319
430320
430321
430322
430323
430325
430328
430330
430331
430316
430305
430300
430301
430311
430303
430304
430272
430273
430274
430276
430277
430283
430284
430285
430286
430288
430289
430293
430296
430314
430281
430282
430287
430271
430279
430290
430292
430258
430251
430246
430252
430253
430254
430257
430266
430268
430269
430247
430249
430260
430263
430264
430250
430255
430262
430267
430225
430226
430229
430239
430242
430238
430240
430224
430235
430220
430221
430222
430223
430234
430236
430241
430244
430228
430213
430214
430216
430217
430219
430215
430218
430211
430208
430209
430198
430199
430200
430203
430185
430201
430204
430207
430175
430184
430191
430193
430195
430197
430178
430188
430189
430180
430182
430190
430179
430186
430174
430176
430177
430170
430172
430168
430173
430171
430169
430167
430163
430165
430159
430158
430160
430161
430164
430157
430156
430155
430152
430153
430149
430148
430137
430146
430145
430138
430139
430140
430143
430144
430135
430131
430130
430126
430127
430123
430124
430122
430120
430113
430116
430119
430111
430114
430112
430109
430108
430107
430106
430105
430103
430104
430102
430100
430099
430098
430097
430096
430094
430093
430091
430090
430088
430089
430086
430085
430082
430083
430084
430081
430080
430079
430078
430077
430076
430075
430074
430073
430072
430070
430068
430067
430066
430065
430064
430062
430061
430058
430057
430056
430055
430054
430053
430052
430046
430047
430051
430042
430044
430041
430038
430037
430032
430033
430034
430031
430029
430028
430027
430025
430022
430019
430020
430021
430017
430016
430015
430014
430010
430009
430005
430004
430003